Age,Salt_Intake,Stress_Score,BP_History,Sleep_Duration,BMI,Medication,Family_History,Exercise_Level,Smoking_Status
-1.0313982719459938,0.5968678765098265,1.291841740820598,1.2420670827988973,0.8526016698837012,0.3422393783152296,0.6670403872234023,-1.0650861947047,-1.6471341328950087,1.5755812071584494
-1.5498397938028683,-0.8114144849933277,-1.6129729476325152,-0.04540192991954193,-0.9787421781332868,-0.8249023924020441,-0.9045621868281745,0.9388911479387403,1.177540816389304,-0.6346864226716015
0.5757704458103174,-0.029035395269353403,-0.3219441972089093,-1.3328709426379812,-0.03149536019346554,-0.7791321268837198,-0.11876089980238604,0.9388911479387403,-0.23479665825285234,-0.6346864226716015
-1.0313982719459938,0.49255066454662944,-0.6447013848148108,-0.04540192991954193,-0.4103940873693938,1.2805298214408802,0.6670403872234023,-1.0650861947047,-0.23479665825285234,-0.6346864226716015
0.8868353589244422,-1.4894763627541052,1.291841740820598,-0.04540192991954193,0.03165442766918898,-0.06969301134969061,0.6670403872234023,-1.0650861947047,1.177540816389304,-0.6346864226716015
-0.15004768478930697,0.6490264824914247,-1.6129729476325152,-1.3328709426379812,-0.03149536019346554,0.86859743177596,-0.9045621868281745,0.9388911479387403,-1.6471341328950087,-0.6346864226716015
-1.1869307285030561,-1.8024279986436949,0.9690845532146966,-0.04540192991954193,-0.7261430266826676,0.8457122990167983,0.6670403872234023,0.9388911479387403,1.177540816389304,-0.6346864226716015
0.8868353589244422,-0.7592558790117291,0.6463273656087951,-0.04540192991954193,1.0420510334716648,-0.13834840962717743,-0.9045621868281745,0.9388911479387403,-0.23479665825285234,-0.6346864226716015
0.005484771767755405,1.0141367243626123,-0.3219441972089093,1.2420670827988973,0.09480421553184407,-0.8477875251612067,-1.6903634738539628,0.9388911479387403,1.177540816389304,-0.6346864226716015
-0.40926844571774423,0.805502300436219,-0.3219441972089093,1.2420670827988973,0.2842535791198082,-0.2527740734229886,0.6670403872234023,-1.0650861947047,-0.23479665825285234,-0.6346864226716015
0.2647055326961927,1.327088360252202,0.3235701780028936,-0.04540192991954193,-0.8524426024079772,-0.7333618613653956,-0.9045621868281745,0.9388911479387403,-1.6471341328950087,1.5755812071584494
0.42023798925325506,1.483564178196997,-1.6129729476325152,1.2420670827988973,1.2315003970596294,-0.9164429234386927,0.6670403872234023,0.9388911479387403,1.177540816389304,-0.6346864226716015
0.5757704458103174,-1.1243661208829172,0.6463273656087951,-1.3328709426379812,0.5368527305704275,0.502435307629365,1.4528416742491908,0.9388911479387403,1.177540816389304,-0.6346864226716015
0.21286138051050524,0.2839162406202361,-0.6447013848148108,1.2420670827988973,-0.03149536019346554,-0.2985443389413128,-0.11876089980238604,-1.0650861947047,1.177540816389304,-0.6346864226716015
1.6644976417097541,-1.4373177567725068,0.6463273656087951,-0.04540192991954193,-1.925988996073108,-1.442800976899424,0.6670403872234023,0.9388911479387403,-0.23479665825285234,-0.6346864226716015
1.1460561198528794,-1.0200489089197204,-1.6129729476325152,-1.3328709426379812,-1.231341329583906,0.9143676972942851,-1.6903634738539628,-1.0650861947047,1.177540816389304,-0.6346864226716015
1.2497444242242544,1.7965158140865867,-1.6129729476325152,-0.04540192991954193,0.6000025184330819,-0.7562469941245573,-0.9045621868281745,-1.0650861947047,1.177540816389304,-0.6346864226716015
-1.497995641617181,1.4314055722153989,-1.2902157600266138,-1.3328709426379812,0.7263020941583915,-1.1681793837894774,-1.6903634738539628,0.9388911479387403,-1.6471341328950087,-0.6346864226716015
-0.720333358831869,-0.6549386670485324,0.3235701780028936,-1.3328709426379812,-0.4103940873693938,0.5482055731476893,-0.11876089980238604,0.9388911479387403,-1.6471341328950087,-0.6346864226716015
1.3015885764099417,-0.2898284251773448,0.0008129903969921489,1.2420670827988973,0.7894518820210461,-1.007983454475342,0.6670403872234023,0.9388911479387403,-0.23479665825285234,-0.6346864226716015
-1.2387748806887435,-1.1243661208829172,0.0008129903969921489,-0.04540192991954193,-0.9155923902706323,0.3651245110743913,-0.9045621868281745,-1.0650861947047,-1.6471341328950087,-0.6346864226716015
1.5089651851526917,-0.23766981919574673,-0.3219441972089093,1.2420670827988973,-0.8524426024079772,0.8457122990167983,0.6670403872234023,-1.0650861947047,-0.23479665825285234,-0.6346864226716015
-0.6684892066461815,1.6400399961417922,0.3235701780028936,-0.04540192991954193,0.22110379125715368,2.0128540697340713,0.6670403872234023,0.9388911479387403,-0.23479665825285234,-0.6346864226716015
-0.3574242935320568,-1.5416349687357034,0.3235701780028936,-0.04540192991954193,-1.925988996073108,-1.3512604458627755,0.6670403872234023,0.9388911479387403,1.177540816389304,-0.6346864226716015
0.3165496848818801,-0.2898284251773448,0.0008129903969921489,-0.04540192991954193,-1.4839404810345247,-1.007983454475342,-0.11876089980238604,-1.0650861947047,-0.23479665825285234,1.5755812071584494
-0.046359380417932056,-1.072207514901319,-0.3219441972089093,1.2420670827988973,0.9157514577463557,-0.06969301134969061,-0.9045621868281745,0.9388911479387403,-0.23479665825285234,1.5755812071584494
0.6794587501816923,0.5968678765098265,-0.6447013848148108,-0.04540192991954193,1.4209497606475943,-0.6875915958470705,0.6670403872234023,-1.0650861947047,-0.23479665825285234,-0.6346864226716015
-0.09820353260361951,0.7011850884730227,-0.3219441972089093,1.2420670827988973,1.294650184922284,0.2049285817602559,-0.11876089980238604,-1.0650861947047,1.177540816389304,-0.6346864226716015
1.3015885764099417,-0.2898284251773448,0.9690845532146966,-0.04540192991954193,-1.6102400567598343,0.47955017487020246,-0.9045621868281745,-1.0650861947047,1.177540816389304,-0.6346864226716015
1.7163417938954415,-0.44630424312213957,-0.3219441972089093,1.2420670827988973,0.8526016698837012,-0.34431460445963713,-0.9045621868281745,0.9388911479387403,1.177540816389304,1.5755812071584494
-1.0832424241316811,0.6490264824914247,-1.2902157600266138,-1.3328709426379812,-0.5366936630947035,0.754171767980149,0.6670403872234023,-1.0650861947047,1.177540816389304,-0.6346864226716015
-0.8240216632032439,-1.228683332846114,1.291841740820598,-0.04540192991954193,0.09480421553184407,-1.007983454475342,-0.11876089980238604,0.9388911479387403,-0.23479665825285234,1.5755812071584494
-0.40926844571774423,-0.9678903029381224,0.9690845532146966,-0.04540192991954193,0.7894518820210461,-0.5502807992920976,-0.9045621868281745,0.9388911479387403,-0.23479665825285234,-0.6346864226716015
1.8200300982668165,-0.1855112132141477,-0.3219441972089093,-0.04540192991954193,-0.22094472378142968,0.2049285817602559,0.6670403872234023,0.9388911479387403,1.177540816389304,-0.6346864226716015
-0.5129567500891191,-0.6027800610669344,-1.6129729476325152,-1.3328709426379812,1.9261480635488315,0.4566650421110407,-0.9045621868281745,0.9388911479387403,-0.23479665825285234,-0.6346864226716015
1.4571210329670041,-0.1855112132141477,-0.9674585724207122,-1.3328709426379812,-0.4103940873693938,-0.4358551354962865,0.6670403872234023,-1.0650861947047,-1.6471341328950087,-0.6346864226716015
-0.7721775110175565,-0.0811940012509515,0.3235701780028936,-0.04540192991954193,1.6103991242355578,-0.7791321268837198,-0.11876089980238604,-1.0650861947047,1.177540816389304,-0.6346864226716015
-0.20189183697499444,-0.3419870311589429,0.3235701780028936,-0.04540192991954193,0.8526016698837012,1.1432190248859073,-1.6903634738539628,-1.0650861947047,-1.6471341328950087,-0.6346864226716015
-0.30558014134636935,0.6490264824914247,1.291841740820598,-0.04540192991954193,-0.9155923902706323,0.502435307629365,1.4528416742491908,0.9388911479387403,-0.23479665825285234,-0.6346864226716015
-0.5129567500891191,-0.49846284910373767,0.3235701780028936,-0.04540192991954193,2.810245093625998,0.6168609714251762,-1.6903634738539628,0.9388911479387403,-1.6471341328950087,1.5755812071584494
-0.8240216632032439,-0.394145637140541,1.291841740820598,1.2420670827988973,-0.22094472378142968,-1.6945374372502089,0.6670403872234023,0.9388911479387403,-0.23479665825285234,1.5755812071584494
0.6276145979960049,0.805502300436219,0.6463273656087951,-0.04540192991954193,0.7263020941583915,0.06761778520528225,-0.11876089980238604,0.9388911479387403,-0.23479665825285234,-0.6346864226716015
0.21286138051050524,1.2749297542706037,-0.6447013848148108,-1.3328709426379812,0.6000025184330819,-0.5960510648104219,-1.6903634738539628,-1.0650861947047,1.177540816389304,-0.6346864226716015
-1.6016839459885557,-1.7502693926620967,0.6463273656087951,1.2420670827988973,-0.47354387523204894,2.2417053973256933,1.4528416742491908,0.9388911479387403,1.177540816389304,-0.6346864226716015
1.2497444242242544,0.3882334525834332,-1.6129729476325152,1.2420670827988973,-3.1889847533262032,-1.9005036320826685,-0.9045621868281745,-1.0650861947047,-0.23479665825285234,1.5755812071584494
1.3015885764099417,-2.0632210285516863,-0.6447013848148108,-0.04540192991954193,0.6631523062957365,-1.3512604458627755,0.6670403872234023,-1.0650861947047,1.177540816389304,1.5755812071584494
-0.8758658153889314,0.23175763463863802,-0.3219441972089093,1.2420670827988973,0.9789012456090103,0.7312866352209872,-0.9045621868281745,0.9388911479387403,1.177540816389304,1.5755812071584494
-1.394307337245806,-1.0200489089197204,-0.9674585724207122,1.2420670827988973,0.7263020941583915,0.502435307629365,0.6670403872234023,0.9388911479387403,-1.6471341328950087,1.5755812071584494
0.7313029023673798,-2.115379634533285,-0.9674585724207122,1.2420670827988973,-0.3472442995067393,-0.20700380790466427,0.6670403872234023,-1.0650861947047,-1.6471341328950087,1.5755812071584494
-1.2387748806887435,0.17959902865703992,0.9690845532146966,-1.3328709426379812,0.9789012456090103,1.166104157645069,0.6670403872234023,-1.0650861947047,-0.23479665825285234,1.5755812071584494
0.8868353589244422,-0.0811940012509515,-0.3219441972089093,-0.04540192991954193,0.41055315484511784,-0.412970002737124,0.6670403872234023,-1.0650861947047,-0.23479665825285234,-0.6346864226716015
1.3534327285956294,-0.9157316969565239,0.3235701780028936,-0.04540192991954193,0.5368527305704275,1.166104157645069,-0.11876089980238604,-1.0650861947047,1.177540816389304,-0.6346864226716015
1.1460561198528794,3.1526395696081417,1.291841740820598,-0.04540192991954193,-0.4103940873693938,-1.076638852752829,-1.6903634738539628,0.9388911479387403,1.177540816389304,1.5755812071584494
0.5757704458103174,-0.6549386670485324,1.291841740820598,1.2420670827988973,0.22110379125715368,0.04473265244612051,1.4528416742491908,-1.0650861947047,-1.6471341328950087,1.5755812071584494
0.8349912067387547,-1.0200489089197204,0.0008129903969921489,-0.04540192991954193,1.3577999727849386,0.11338805072360734,-0.9045621868281745,0.9388911479387403,1.177540816389304,-0.6346864226716015
-0.720333358831869,1.1706125423074074,1.291841740820598,1.2420670827988973,0.1579540033944986,-0.6875915958470705,1.4528416742491908,-1.0650861947047,-0.23479665825285234,1.5755812071584494
1.5089651851526917,-0.6549386670485324,-0.6447013848148108,-0.04540192991954193,-0.2840945116440848,-0.18411867514550173,-0.9045621868281745,0.9388911479387403,-0.23479665825285234,-0.6346864226716015
1.6126534895240665,-0.029035395269353403,1.291841740820598,-0.04540192991954193,-0.9787421781332868,-0.13834840962717743,0.6670403872234023,-1.0650861947047,-1.6471341328950087,-0.6346864226716015
-1.394307337245806,1.2227711482890056,0.3235701780028936,-0.04540192991954193,0.41055315484511784,0.7312866352209872,0.6670403872234023,0.9388911479387403,-0.23479665825285234,-0.6346864226716015
0.9386795111101296,-1.0200489089197204,-1.2902157600266138,1.2420670827988973,0.47370294270777236,-0.2985443389413128,1.4528416742491908,-1.0650861947047,1.177540816389304,-0.6346864226716015
0.10917307613913031,-0.0811940012509515,0.9690845532146966,-1.3328709426379812,-1.0418919659959414,0.2049285817602559,-1.6903634738539628,0.9388911479387403,-0.23479665825285234,-0.6346864226716015
-1.4461514894314933,-0.7592558790117291,-0.3219441972089093,1.2420670827988973,1.7998484878235224,0.319354245556067,-1.6903634738539628,-1.0650861947047,-0.23479665825285234,1.5755812071584494
0.16101722832481777,0.23175763463863802,-0.9674585724207122,1.2420670827988973,-1.925988996073108,-0.2527740734229886,-1.6903634738539628,-1.0650861947047,1.177540816389304,1.5755812071584494
-0.6684892066461815,1.1184539363258095,0.3235701780028936,-0.04540192991954193,0.22110379125715368,-1.625882038972722,-0.9045621868281745,0.9388911479387403,-0.23479665825285234,1.5755812071584494
1.5608093373383791,1.1184539363258095,-0.6447013848148108,1.2420670827988973,-2.2417379353863818,0.7084015024618247,-0.11876089980238604,-1.0650861947047,-0.23479665825285234,-0.6346864226716015
0.3165496848818801,0.49255066454662944,-0.9674585724207122,-0.04540192991954193,-0.03149536019346554,-0.13834840962717743,0.6670403872234023,-1.0650861947047,-0.23479665825285234,1.5755812071584494
0.4720821414389425,-0.5506214550853362,-0.3219441972089093,1.2420670827988973,-1.0418919659959414,-0.2756592061821511,-0.9045621868281745,0.9388911479387403,1.177540816389304,-0.6346864226716015
0.5757704458103174,0.5968678765098265,0.6463273656087951,1.2420670827988973,1.7998484878235224,-0.16123354238634,-0.11876089980238604,0.9388911479387403,1.177540816389304,-0.6346864226716015
0.8868353589244422,-0.707097273030131,1.6145989284264994,-0.04540192991954193,-0.47354387523204894,1.234759555922556,0.6670403872234023,-1.0650861947047,-0.23479665825285234,-0.6346864226716015
1.197900272038567,-0.029035395269353403,0.3235701780028936,-1.3328709426379812,-1.357640905309215,0.06761778520528225,0.6670403872234023,-1.0650861947047,-1.6471341328950087,-0.6346864226716015
0.6276145979960049,-0.49846284910373767,1.6145989284264994,1.2420670827988973,-1.673389844622489,-0.7562469941245573,-1.6903634738539628,-1.0650861947047,-0.23479665825285234,-0.6346864226716015
0.10917307613913031,-0.5506214550853362,-1.6129729476325152,1.2420670827988973,1.3577999727849386,-0.09257814410885315,0.6670403872234023,-1.0650861947047,-0.23479665825285234,1.5755812071584494
1.197900272038567,-0.394145637140541,-0.9674585724207122,-0.04540192991954193,0.22110379125715368,-0.9393280561978552,0.6670403872234023,-1.0650861947047,1.177540816389304,-0.6346864226716015
-0.20189183697499444,-1.4373177567725068,0.9690845532146966,-1.3328709426379812,1.3577999727849386,0.6397461041843379,0.6670403872234023,0.9388911479387403,-1.6471341328950087,1.5755812071584494
-1.2387748806887435,0.49255066454662944,-0.9674585724207122,-1.3328709426379812,-1.1050417538585964,0.15915831624193164,-0.9045621868281745,0.9388911479387403,-0.23479665825285234,-0.6346864226716015
-1.4461514894314933,1.5357227841785952,1.291841740820598,-0.04540192991954193,0.22110379125715368,0.021847519686957965,0.6670403872234023,-1.0650861947047,-1.6471341328950087,-0.6346864226716015
-0.7721775110175565,0.6490264824914247,-0.9674585724207122,-0.04540192991954193,-1.1050417538585964,-1.076638852752829,-1.6903634738539628,-1.0650861947047,-0.23479665825285234,1.5755812071584494
-1.1350865763173688,0.07528181669384372,0.6463273656087951,-1.3328709426379812,0.1579540033944986,-0.16123354238634,1.4528416742491908,0.9388911479387403,1.177540816389304,-0.6346864226716015
-0.6684892066461815,-1.6459521806989001,0.0008129903969921489,-0.04540192991954193,0.47370294270777236,-0.4587402682554482,0.6670403872234023,0.9388911479387403,1.177540816389304,-0.6346864226716015
-1.394307337245806,-0.44630424312213957,0.6463273656087951,1.2420670827988973,0.47370294270777236,0.4108947765927156,0.6670403872234023,0.9388911479387403,1.177540816389304,1.5755812071584494
-0.20189183697499444,0.3882334525834332,0.6463273656087951,1.2420670827988973,0.7894518820210461,-0.13834840962717743,-0.9045621868281745,0.9388911479387403,1.177540816389304,1.5755812071584494
-0.20189183697499444,0.5968678765098265,0.3235701780028936,-0.04540192991954193,0.5368527305704275,-0.229888940663826,-1.6903634738539628,-1.0650861947047,1.177540816389304,1.5755812071584494
-1.394307337245806,-1.8545866046252935,-1.2902157600266138,-0.04540192991954193,-0.8524426024079772,-0.32142947170047537,0.6670403872234023,-1.0650861947047,1.177540816389304,-0.6346864226716015
-0.20189183697499444,0.3360748466018351,1.6145989284264994,-1.3328709426379812,1.0420510334716648,-0.046807878590528866,-1.6903634738539628,0.9388911479387403,-0.23479665825285234,-0.6346864226716015
-0.9277099675746189,0.7533436944546209,0.9690845532146966,-0.04540192991954193,0.47370294270777236,-0.09257814410885315,-0.9045621868281745,0.9388911479387403,1.177540816389304,1.5755812071584494
-0.3574242935320568,0.6490264824914247,-1.6129729476325152,-0.04540192991954193,-1.6102400567598343,0.0905029179644448,0.6670403872234023,0.9388911479387403,-1.6471341328950087,-0.6346864226716015
-0.30558014134636935,-0.23766981919574673,0.0008129903969921489,-0.04540192991954193,-0.8524426024079772,1.4864960162733407,0.6670403872234023,-1.0650861947047,-0.23479665825285234,1.5755812071584494
-1.2387748806887435,2.4224190858657666,-0.3219441972089093,-1.3328709426379812,-0.8524426024079772,0.9830230955717711,1.4528416742491908,-1.0650861947047,1.177540816389304,-0.6346864226716015
0.005484771767755405,-0.6027800610669344,0.6463273656087951,-1.3328709426379812,0.5368527305704275,0.5710907059068518,0.6670403872234023,-1.0650861947047,-1.6471341328950087,1.5755812071584494
0.9905236632958171,0.9619781183810142,1.291841740820598,1.2420670827988973,-0.9787421781332868,-0.36719973721879967,-1.6903634738539628,0.9388911479387403,-0.23479665825285234,-0.6346864226716015
1.1460561198528794,-0.029035395269353403,-0.6447013848148108,-0.04540192991954193,1.0420510334716648,0.18204344900109337,-0.9045621868281745,0.9388911479387403,-1.6471341328950087,1.5755812071584494
0.6794587501816923,-0.6549386670485324,1.6145989284264994,1.2420670827988973,0.47370294270777236,1.829773007660774,-0.9045621868281745,-1.0650861947047,1.177540816389304,1.5755812071584494
-0.720333358831869,-0.6549386670485324,0.9690845532146966,1.2420670827988973,1.0420510334716648,0.7084015024618247,0.6670403872234023,0.9388911479387403,1.177540816389304,-0.6346864226716015
-0.8758658153889314,-1.6459521806989001,0.3235701780028936,1.2420670827988973,-0.5366936630947035,0.7770569007393116,-0.11876089980238604,-1.0650861947047,-0.23479665825285234,-0.6346864226716015
-0.5648009022748066,0.1274404226754418,-0.9674585724207122,-1.3328709426379812,-1.4839404810345247,0.799942033498474,-1.6903634738539628,0.9388911479387403,-1.6471341328950087,1.5755812071584494
-0.8240216632032439,0.23175763463863802,0.6463273656087951,-0.04540192991954193,0.3474033669824627,-1.6945374372502089,0.6670403872234023,-1.0650861947047,-1.6471341328950087,1.5755812071584494
0.52392629362463,0.07528181669384372,-1.6129729476325152,-1.3328709426379812,1.1052008213343205,-0.13834840962717743,0.6670403872234023,0.9388911479387403,-0.23479665825285234,-0.6346864226716015
-1.0313982719459938,-0.49846284910373767,-0.3219441972089093,-0.04540192991954193,1.5472493363729032,0.6397461041843379,0.6670403872234023,-1.0650861947047,-0.23479665825285234,-0.6346864226716015
0.05732892395344286,0.9619781183810142,1.291841740820598,-1.3328709426379812,1.6103991242355578,1.4864960162733407,0.6670403872234023,-1.0650861947047,1.177540816389304,-0.6346864226716015
0.7313029023673798,-2.4283312704228743,0.6463273656087951,-0.04540192991954193,0.5368527305704275,-1.0537537199936664,-1.6903634738539628,0.9388911479387403,1.177540816389304,1.5755812071584494
-1.497995641617181,-0.2898284251773448,1.291841740820598,-0.04540192991954193,-0.662993238820013,0.1362731834827691,0.6670403872234023,-1.0650861947047,-1.6471341328950087,-0.6346864226716015
-0.9277099675746189,1.7965158140865867,1.291841740820598,1.2420670827988973,-0.2840945116440848,0.2049285817602559,-0.9045621868281745,0.9388911479387403,1.177540816389304,-0.6346864226716015
-0.09820353260361951,1.4314055722153989,0.0008129903969921489,1.2420670827988973,0.7894518820210461,-0.20700380790466427,0.6670403872234023,-1.0650861947047,-0.23479665825285234,1.5755812071584494
1.4571210329670041,0.857660906417818,-1.2902157600266138,1.2420670827988973,0.09480421553184407,0.502435307629365,-0.9045621868281745,-1.0650861947047,-0.23479665825285234,-0.6346864226716015
-1.5498397938028683,-0.2898284251773448,-0.6447013848148108,-1.3328709426379812,2.30504679072476,1.7382324766241255,-0.9045621868281745,-1.0650861947047,1.177540816389304,-0.6346864226716015
-0.40926844571774423,0.805502300436219,-0.9674585724207122,-1.3328709426379812,-1.357640905309215,0.43377990935187816,-0.11876089980238604,0.9388911479387403,1.177540816389304,-0.6346864226716015
0.7831470545530672,-2.011062422570088,1.6145989284264994,-0.04540192991954193,2.0524476392741415,0.38800964383355385,0.6670403872234023,-1.0650861947047,-0.23479665825285234,1.5755812071584494
-0.9795541197603063,0.3882334525834332,1.6145989284264994,-0.04540192991954193,-0.5366936630947035,-1.2139496493078017,1.4528416742491908,-1.0650861947047,-0.23479665825285234,-0.6346864226716015
-1.3424631850601185,-0.0811940012509515,-0.6447013848148108,-0.04540192991954193,-0.09464514805612007,0.502435307629365,0.6670403872234023,0.9388911479387403,-0.23479665825285234,-0.6346864226716015
-0.9277099675746189,-0.7592558790117291,0.3235701780028936,1.2420670827988973,1.5472493363729032,-0.5045105337737733,0.6670403872234023,-1.0650861947047,1.177540816389304,-0.6346864226716015
0.3683938370675676,0.805502300436219,-1.6129729476325152,-0.04540192991954193,-0.03149536019346554,-0.2527740734229886,-0.11876089980238604,0.9388911479387403,-0.23479665825285234,-0.6346864226716015
0.2647055326961927,-0.7592558790117291,0.6463273656087951,1.2420670827988973,-0.47354387523204894,-1.0537537199936664,-0.11876089980238604,-1.0650861947047,1.177540816389304,-0.6346864226716015
0.10917307613913031,-0.2898284251773448,1.291841740820598,1.2420670827988973,0.2842535791198082,-0.6189361975695844,-0.11876089980238604,0.9388911479387403,-1.6471341328950087,-0.6346864226716015
1.3534327285956294,0.6490264824914247,0.3235701780028936,-1.3328709426379812,-0.22094472378142968,0.86859743177596,-1.6903634738539628,0.9388911479387403,-0.23479665825285234,-0.6346864226716015
0.8349912067387547,0.5447092705282276,-1.2902157600266138,-0.04540192991954193,-1.925988996073108,0.6397461041843379,-0.9045621868281745,-1.0650861947047,1.177540816389304,-0.6346864226716015
-0.2537359891606819,-1.228683332846114,0.3235701780028936,1.2420670827988973,-1.6102400567598343,1.3034149542000428,0.6670403872234023,-1.0650861947047,1.177540816389304,-0.6346864226716015
1.094211967667192,-0.6549386670485324,0.9690845532146966,1.2420670827988973,1.2315003970596294,0.29646911279690447,-0.9045621868281745,-1.0650861947047,-0.23479665825285234,-0.6346864226716015
1.6126534895240665,-0.8635730909749257,0.6463273656087951,-1.3328709426379812,-0.9155923902706323,1.120333892126745,0.6670403872234023,0.9388911479387403,1.177540816389304,1.5755812071584494
-1.2387748806887435,-1.1765247268645154,0.0008129903969921489,1.2420670827988973,2.0524476392741415,0.5939758386660136,1.4528416742491908,0.9388911479387403,-0.23479665825285234,-0.6346864226716015
0.005484771767755405,-0.6027800610669344,1.291841740820598,1.2420670827988973,0.6000025184330819,-0.16123354238634,1.4528416742491908,-1.0650861947047,1.177540816389304,-0.6346864226716015
-0.2537359891606819,-1.0200489089197204,0.6463273656087951,1.2420670827988973,-1.673389844622489,0.799942033498474,1.4528416742491908,-1.0650861947047,-0.23479665825285234,-0.6346864226716015
-1.3424631850601185,0.5447092705282276,-1.6129729476325152,1.2420670827988973,0.09480421553184407,0.6168609714251762,-0.9045621868281745,0.9388911479387403,-0.23479665825285234,-0.6346864226716015
1.1460561198528794,0.3882334525834332,-1.6129729476325152,1.2420670827988973,-0.22094472378142968,-1.0308685872345038,1.4528416742491908,-1.0650861947047,-0.23479665825285234,-0.6346864226716015
1.6644976417097541,0.5447092705282276,1.291841740820598,-1.3328709426379812,1.2315003970596294,0.2506988472785802,-0.9045621868281745,-1.0650861947047,-1.6471341328950087,-0.6346864226716015
1.4571210329670041,1.0662953303442104,-0.3219441972089093,1.2420670827988973,0.03165442766918898,0.7084015024618247,0.6670403872234023,0.9388911479387403,1.177540816389304,1.5755812071584494
0.3683938370675676,0.49255066454662944,1.6145989284264994,-0.04540192991954193,0.1579540033944986,0.8228271662576357,0.6670403872234023,-1.0650861947047,1.177540816389304,-0.6346864226716015
-1.497995641617181,-0.23766981919574673,-1.6129729476325152,-0.04540192991954193,0.5368527305704275,1.1889892904042316,0.6670403872234023,-1.0650861947047,-0.23479665825285234,-0.6346864226716015
1.094211967667192,0.07528181669384372,-0.9674585724207122,-1.3328709426379812,1.294650184922284,1.4407257507550157,0.6670403872234023,-1.0650861947047,-0.23479665825285234,1.5755812071584494
-0.5648009022748066,0.07528181669384372,1.291841740820598,-1.3328709426379812,0.7263020941583915,-1.259719914826126,0.6670403872234023,0.9388911479387403,-0.23479665825285234,-0.6346864226716015
-0.46111259790343173,0.3882334525834332,-1.6129729476325152,-0.04540192991954193,1.0420510334716648,0.4566650421110407,0.6670403872234023,0.9388911479387403,1.177540816389304,1.5755812071584494
-0.720333358831869,1.1706125423074074,-1.6129729476325152,1.2420670827988973,1.0420510334716648,1.4636108835141781,0.6670403872234023,0.9388911479387403,-0.23479665825285234,-0.6346864226716015
-0.8240216632032439,-0.707097273030131,0.9690845532146966,-0.04540192991954193,-0.3472442995067393,0.5482055731476893,0.6670403872234023,0.9388911479387403,1.177540816389304,-0.6346864226716015
-0.046359380417932056,-1.280841938827712,-1.2902157600266138,1.2420670827988973,-1.9891387839357628,-0.34431460445963713,-0.9045621868281745,0.9388911479387403,1.177540816389304,-0.6346864226716015
-0.046359380417932056,0.7011850884730227,-1.2902157600266138,-0.04540192991954193,1.1052008213343205,1.166104157645069,-1.6903634738539628,-1.0650861947047,1.177540816389304,-0.6346864226716015
-0.15004768478930697,0.2839162406202361,-1.2902157600266138,-1.3328709426379812,-1.168191541721251,-0.8249023924020441,0.6670403872234023,0.9388911479387403,-1.6471341328950087,-0.6346864226716015
0.52392629362463,0.857660906417818,-1.2902157600266138,1.2420670827988973,0.47370294270777236,2.218820264566531,0.6670403872234023,-1.0650861947047,-0.23479665825285234,-0.6346864226716015
1.5608093373383791,0.023123210712244695,-1.6129729476325152,-1.3328709426379812,0.41055315484511784,-0.9393280561978552,1.4528416742491908,0.9388911479387403,1.177540816389304,-0.6346864226716015
0.05732892395344286,1.8486744200681846,-1.6129729476325152,-1.3328709426379812,0.7894518820210461,0.799942033498474,0.6670403872234023,-1.0650861947047,1.177540816389304,-0.6346864226716015
0.3165496848818801,-1.072207514901319,-1.6129729476325152,-1.3328709426379812,-0.2840945116440848,-2.0378144286376423,-1.6903634738539628,0.9388911479387403,-0.23479665825285234,1.5755812071584494
-1.4461514894314933,-1.698110786680498,-0.6447013848148108,-0.04540192991954193,0.2842535791198082,0.7770569007393116,-1.6903634738539628,-1.0650861947047,-0.23479665825285234,1.5755812071584494
-0.2537359891606819,-1.3851591507909087,1.6145989284264994,1.2420670827988973,-2.115438359661072,0.021847519686957965,-1.6903634738539628,0.9388911479387403,-1.6471341328950087,-0.6346864226716015
0.7313029023673798,0.023123210712244695,1.291841740820598,-1.3328709426379812,1.5472493363729032,0.27358398003774276,-0.9045621868281745,0.9388911479387403,1.177540816389304,1.5755812071584494
0.16101722832481777,0.023123210712244695,0.9690845532146966,-0.04540192991954193,-0.2840945116440848,1.0287933610900963,-1.6903634738539628,0.9388911479387403,1.177540816389304,-0.6346864226716015
-0.2537359891606819,0.49255066454662944,-0.6447013848148108,-0.04540192991954193,-0.7892928145453226,0.06761778520528225,0.6670403872234023,0.9388911479387403,-1.6471341328950087,-0.6346864226716015
-0.8758658153889314,0.5968678765098265,-0.9674585724207122,-0.04540192991954193,-0.47354387523204894,-1.6487671717318846,0.6670403872234023,0.9388911479387403,-0.23479665825285234,-0.6346864226716015
1.8200300982668165,-0.8635730909749257,-0.9674585724207122,1.2420670827988973,-0.4103940873693938,-1.0995239855119907,0.6670403872234023,0.9388911479387403,-0.23479665825285234,-0.6346864226716015
0.42023798925325506,0.07528181669384372,-0.3219441972089093,-0.04540192991954193,1.3577999727849386,0.04473265244612051,-0.11876089980238604,-1.0650861947047,-0.23479665825285234,-0.6346864226716015
-1.4461514894314933,0.3882334525834332,0.6463273656087951,-0.04540192991954193,-0.47354387523204894,-0.5045105337737733,-0.9045621868281745,-1.0650861947047,-0.23479665825285234,-0.6346864226716015
1.6126534895240665,-1.3851591507909087,0.0008129903969921489,-1.3328709426379812,-0.15779493591877516,1.5780365473099893,0.6670403872234023,-1.0650861947047,-0.23479665825285234,1.5755812071584494
-1.3424631850601185,-0.49846284910373767,1.6145989284264994,-1.3328709426379812,0.9157514577463557,0.06761778520528225,0.6670403872234023,0.9388911479387403,1.177540816389304,1.5755812071584494
1.8200300982668165,1.0141367243626123,-0.3219441972089093,1.2420670827988973,0.7894518820210461,0.7770569007393116,-0.9045621868281745,-1.0650861947047,-1.6471341328950087,-0.6346864226716015
-0.3574242935320568,0.9619781183810142,-0.3219441972089093,-0.04540192991954193,-0.5366936630947035,-0.06969301134969061,-0.9045621868281745,0.9388911479387403,-0.23479665825285234,1.5755812071584494
-1.1869307285030561,0.49255066454662944,-1.2902157600266138,-1.3328709426379812,1.3577999727849386,0.8457122990167983,-0.9045621868281745,0.9388911479387403,-0.23479665825285234,-0.6346864226716015
0.10917307613913031,-0.6549386670485324,1.6145989284264994,1.2420670827988973,-1.4839404810345247,0.29646911279690447,-1.6903634738539628,-1.0650861947047,-0.23479665825285234,-0.6346864226716015
-1.394307337245806,0.23175763463863802,-1.6129729476325152,1.2420670827988973,-0.09464514805612007,-2.3124360217475886,0.6670403872234023,-1.0650861947047,1.177540816389304,-0.6346864226716015
-1.3424631850601185,-1.280841938827712,0.0008129903969921489,-1.3328709426379812,-0.09464514805612007,-0.02392274583136632,-0.11876089980238604,0.9388911479387403,-0.23479665825285234,-0.6346864226716015
-0.6684892066461815,-0.394145637140541,-1.6129729476325152,-0.04540192991954193,0.5368527305704275,0.2049285817602559,-0.11876089980238604,-1.0650861947047,-0.23479665825285234,-0.6346864226716015
-0.2537359891606819,-0.1855112132141477,-1.2902157600266138,-0.04540192991954193,-1.7996894203477984,-1.6716523044910463,-0.11876089980238604,0.9388911479387403,1.177540816389304,-0.6346864226716015
-1.6016839459885557,0.9619781183810142,0.0008129903969921489,1.2420670827988973,0.09480421553184407,-1.4656861096585865,0.6670403872234023,0.9388911479387403,-0.23479665825285234,-0.6346864226716015
-0.8758658153889314,1.5357227841785952,0.9690845532146966,-1.3328709426379812,-0.7892928145453226,1.120333892126745,-0.11876089980238604,-1.0650861947047,-0.23479665825285234,-0.6346864226716015
1.4571210329670041,0.5447092705282276,-1.2902157600266138,-0.04540192991954193,-1.231341329583906,1.715347343864963,-0.11876089980238604,0.9388911479387403,1.177540816389304,-0.6346864226716015
1.7163417938954415,2.8918465397001505,0.6463273656087951,1.2420670827988973,1.4209497606475943,0.43377990935187816,-1.6903634738539628,-1.0650861947047,1.177540816389304,-0.6346864226716015
-0.40926844571774423,0.5968678765098265,0.3235701780028936,-1.3328709426379812,1.6103991242355578,0.0905029179644448,-0.11876089980238604,0.9388911479387403,-0.23479665825285234,-0.6346864226716015
-0.6166450544604941,-1.228683332846114,1.291841740820598,-1.3328709426379812,-0.47354387523204894,-1.5343415079360734,-0.9045621868281745,-1.0650861947047,1.177540816389304,-0.6346864226716015
1.5608093373383791,0.5968678765098265,-0.6447013848148108,1.2420670827988973,0.1579540033944986,-1.1224091182711533,0.6670403872234023,0.9388911479387403,-0.23479665825285234,-0.6346864226716015
-0.6684892066461815,-0.23766981919574673,-0.9674585724207122,-0.04540192991954193,0.7263020941583915,0.8228271662576357,0.6670403872234023,0.9388911479387403,-0.23479665825285234,-0.6346864226716015
-1.1869307285030561,0.07528181669384372,1.291841740820598,1.2420670827988973,-0.47354387523204894,0.3422393783152296,0.6670403872234023,-1.0650861947047,-1.6471341328950087,-0.6346864226716015
-0.8240216632032439,0.44039205856503133,1.291841740820598,-0.04540192991954193,-1.673389844622489,2.0357392024932337,-0.9045621868281745,-1.0650861947047,-1.6471341328950087,-0.6346864226716015
-1.4461514894314933,-0.6027800610669344,-1.2902157600266138,1.2420670827988973,-1.5470902688971797,0.9601379628126094,-0.9045621868281745,0.9388911479387403,1.177540816389304,-0.6346864226716015
0.005484771767755405,-0.49846284910373767,-1.6129729476325152,-0.04540192991954193,0.6000025184330819,-2.0378144286376423,0.6670403872234023,-1.0650861947047,1.177540816389304,-0.6346864226716015
-0.15004768478930697,2.00515023801298,-0.3219441972089093,-0.04540192991954193,0.5368527305704275,0.2049285817602559,0.6670403872234023,0.9388911479387403,1.177540816389304,-0.6346864226716015
1.3534327285956294,-0.23766981919574673,-0.3219441972089093,-0.04540192991954193,-0.22094472378142968,1.166104157645069,1.4528416742491908,-1.0650861947047,1.177540816389304,-0.6346864226716015
-0.09820353260361951,-1.072207514901319,1.291841740820598,-0.04540192991954193,-0.09464514805612007,0.799942033498474,1.4528416742491908,0.9388911479387403,-0.23479665825285234,1.5755812071584494
1.4052768807813167,0.49255066454662944,-0.3219441972089093,-0.04540192991954193,0.6000025184330819,-0.48162540101461077,-0.11876089980238604,0.9388911479387403,-1.6471341328950087,-0.6346864226716015
0.4720821414389425,0.49255066454662944,0.3235701780028936,1.2420670827988973,0.2842535791198082,1.4407257507550157,-0.9045621868281745,-1.0650861947047,-0.23479665825285234,-0.6346864226716015
-1.4461514894314933,0.909819512399416,1.291841740820598,-0.04540192991954193,-1.2944911174465605,0.502435307629365,-0.9045621868281745,-1.0650861947047,1.177540816389304,1.5755812071584494
-0.5129567500891191,1.0141367243626123,1.291841740820598,-1.3328709426379812,-0.5998434509573586,0.43377990935187816,1.4528416742491908,0.9388911479387403,-1.6471341328950087,1.5755812071584494
-0.40926844571774423,1.0141367243626123,-0.9674585724207122,-0.04540192991954193,0.1579540033944986,1.4407257507550157,-1.6903634738539628,0.9388911479387403,-0.23479665825285234,1.5755812071584494
-1.0832424241316811,1.6400399961417922,-0.3219441972089093,-0.04540192991954193,0.6631523062957365,-0.34431460445963713,-1.6903634738539628,-1.0650861947047,1.177540816389304,-0.6346864226716015
-0.7721775110175565,-0.6027800610669344,0.0008129903969921489,1.2420670827988973,-0.03149536019346554,-0.9393280561978552,0.6670403872234023,-1.0650861947047,1.177540816389304,-0.6346864226716015
1.5608093373383791,-1.280841938827712,-0.3219441972089093,-1.3328709426379812,-1.4207906931718701,-1.259719914826126,-0.9045621868281745,0.9388911479387403,-1.6471341328950087,1.5755812071584494
1.4571210329670041,0.9619781183810142,1.6145989284264994,-0.04540192991954193,0.41055315484511784,0.6626312369435003,-1.6903634738539628,0.9388911479387403,1.177540816389304,-0.6346864226716015
1.4571210329670041,-0.5506214550853362,-0.6447013848148108,1.2420670827988973,-0.662993238820013,1.0059082283309337,-0.11876089980238604,0.9388911479387403,-0.23479665825285234,1.5755812071584494
-1.290619032874431,0.857660906417818,-1.2902157600266138,-0.04540192991954193,1.1052008213343205,-1.1681793837894774,-0.11876089980238604,0.9388911479387403,1.177540816389304,-0.6346864226716015
1.4052768807813167,0.49255066454662944,-0.9674585724207122,-0.04540192991954193,1.9261480635488315,-0.9164429234386927,0.6670403872234023,-1.0650861947047,-0.23479665825285234,-0.6346864226716015
-0.40926844571774423,1.327088360252202,-1.2902157600266138,1.2420670827988973,-0.662993238820013,-0.5045105337737733,-0.9045621868281745,0.9388911479387403,-0.23479665825285234,1.5755812071584494
0.05732892395344286,1.9529916320313818,-0.6447013848148108,-1.3328709426379812,0.8526016698837012,-0.893557790679531,1.4528416742491908,0.9388911479387403,1.177540816389304,-0.6346864226716015
-0.5129567500891191,0.44039205856503133,0.0008129903969921489,-0.04540192991954193,-0.09464514805612007,-0.8249023924020441,0.6670403872234023,-1.0650861947047,-0.23479665825285234,1.5755812071584494
-0.15004768478930697,1.0662953303442104,0.3235701780028936,-1.3328709426379812,0.6000025184330819,-0.06969301134969061,0.6670403872234023,0.9388911479387403,-1.6471341328950087,1.5755812071584494
0.3165496848818801,0.5968678765098265,-1.6129729476325152,1.2420670827988973,0.03165442766918898,-1.0995239855119907,0.6670403872234023,0.9388911479387403,1.177540816389304,1.5755812071584494
1.5608093373383791,0.5968678765098265,0.9690845532146966,-0.04540192991954193,-0.03149536019346554,2.0586243352523965,1.4528416742491908,0.9388911479387403,-0.23479665825285234,-0.6346864226716015
-0.9277099675746189,-0.394145637140541,0.6463273656087951,1.2420670827988973,-0.3472442995067393,-0.32142947170047537,0.6670403872234023,-1.0650861947047,-0.23479665825285234,-0.6346864226716015
1.5608093373383791,0.5447092705282276,0.0008129903969921489,1.2420670827988973,-0.7261430266826676,-0.4587402682554482,-0.11876089980238604,-1.0650861947047,-1.6471341328950087,-0.6346864226716015
-1.0832424241316811,-0.5506214550853362,-1.2902157600266138,1.2420670827988973,-1.0418919659959414,-0.06969301134969061,-0.9045621868281745,-1.0650861947047,1.177540816389304,-0.6346864226716015
-0.46111259790343173,1.8486744200681846,-1.2902157600266138,-0.04540192991954193,0.7263020941583915,-1.9920441631193178,0.6670403872234023,-1.0650861947047,-1.6471341328950087,-0.6346864226716015
-0.8758658153889314,0.5447092705282276,0.3235701780028936,1.2420670827988973,0.6631523062957365,-0.4587402682554482,-0.11876089980238604,0.9388911479387403,-0.23479665825285234,-0.6346864226716015
1.768185946081129,0.2839162406202361,-1.6129729476325152,-0.04540192991954193,0.6631523062957365,0.021847519686957965,0.6670403872234023,0.9388911479387403,1.177540816389304,-0.6346864226716015
1.5608093373383791,-1.0200489089197204,0.6463273656087951,1.2420670827988973,-0.22094472378142968,-1.3970307113810998,0.6670403872234023,0.9388911479387403,-0.23479665825285234,1.5755812071584494
0.10917307613913031,-0.5506214550853362,-0.9674585724207122,-0.04540192991954193,-0.3472442995067393,0.11338805072360734,0.6670403872234023,-1.0650861947047,1.177540816389304,-0.6346864226716015
0.7313029023673798,0.6490264824914247,-1.2902157600266138,-0.04540192991954193,-1.357640905309215,-0.2985443389413128,-1.6903634738539628,0.9388911479387403,-0.23479665825285234,-0.6346864226716015
-0.30558014134636935,0.7533436944546209,0.3235701780028936,-1.3328709426379812,-0.5366936630947035,0.8228271662576357,-0.9045621868281745,0.9388911479387403,-1.6471341328950087,1.5755812071584494
-0.2537359891606819,1.6921986021233903,0.6463273656087951,-1.3328709426379812,0.09480421553184407,-0.8249023924020441,-1.6903634738539628,0.9388911479387403,-0.23479665825285234,-0.6346864226716015
0.8349912067387547,-0.7592558790117291,-0.6447013848148108,1.2420670827988973,-1.0418919659959414,0.29646911279690447,0.6670403872234023,-1.0650861947047,1.177540816389304,-0.6346864226716015
-1.4461514894314933,-2.0632210285516863,0.3235701780028936,-0.04540192991954193,-0.09464514805612007,1.394955485236692,0.6670403872234023,-1.0650861947047,1.177540816389304,1.5755812071584494
1.4571210329670041,-0.7592558790117291,0.0008129903969921489,-0.04540192991954193,1.294650184922284,-0.6875915958470705,0.6670403872234023,0.9388911479387403,-0.23479665825285234,-0.6346864226716015
-0.3574242935320568,-0.44630424312213957,0.6463273656087951,-0.04540192991954193,-0.5998434509573586,-0.2527740734229886,0.6670403872234023,0.9388911479387403,-1.6471341328950087,-0.6346864226716015
-0.9277099675746189,0.07528181669384372,1.6145989284264994,1.2420670827988973,0.8526016698837012,-0.2527740734229886,0.6670403872234023,0.9388911479387403,-0.23479665825285234,-0.6346864226716015
0.42023798925325506,-1.5416349687357034,1.291841740820598,-1.3328709426379812,-0.15779493591877516,1.9670838042157477,-0.9045621868281745,0.9388911479387403,1.177540816389304,-0.6346864226716015
-1.394307337245806,0.44039205856503133,-0.6447013848148108,-1.3328709426379812,-2.7469362382876197,-1.3512604458627755,0.6670403872234023,0.9388911479387403,1.177540816389304,1.5755812071584494
1.5089651851526917,0.49255066454662944,-1.6129729476325152,-1.3328709426379812,0.6000025184330819,-0.8020172596428816,0.6670403872234023,0.9388911479387403,-0.23479665825285234,-0.6346864226716015
0.005484771767755405,-0.44630424312213957,0.0008129903969921489,-1.3328709426379812,0.22110379125715368,-0.9850983217161795,0.6670403872234023,0.9388911479387403,-1.6471341328950087,1.5755812071584494
-0.40926844571774423,-1.1243661208829172,0.0008129903969921489,-1.3328709426379812,1.1052008213343205,1.2118744231633933,0.6670403872234023,0.9388911479387403,-0.23479665825285234,-0.6346864226716015
-1.1869307285030561,1.5878813901601931,-0.9674585724207122,-1.3328709426379812,-0.47354387523204894,-0.229888940663826,0.6670403872234023,-1.0650861947047,1.177540816389304,-0.6346864226716015
0.10917307613913031,-0.9678903029381224,-0.3219441972089093,-1.3328709426379812,-1.6102400567598343,-1.0308685872345038,-1.6903634738539628,0.9388911479387403,-0.23479665825285234,-0.6346864226716015
0.21286138051050524,0.6490264824914247,0.6463273656087951,-0.04540192991954193,-0.7261430266826676,-0.4587402682554482,0.6670403872234023,-1.0650861947047,-0.23479665825285234,-0.6346864226716015
1.094211967667192,-0.9157316969565239,-0.9674585724207122,-1.3328709426379812,-0.662993238820013,-0.16123354238634,1.4528416742491908,-1.0650861947047,1.177540816389304,-0.6346864226716015
-0.30558014134636935,-0.8635730909749257,-0.9674585724207122,-1.3328709426379812,0.5368527305704275,0.6626312369435003,0.6670403872234023,0.9388911479387403,-1.6471341328950087,-0.6346864226716015
0.9386795111101296,0.44039205856503133,-0.9674585724207122,-0.04540192991954193,0.9789012456090103,-3.0447602700407796,-1.6903634738539628,-1.0650861947047,-0.23479665825285234,-0.6346864226716015
0.7831470545530672,1.2227711482890056,0.0008129903969921489,1.2420670827988973,-0.03149536019346554,-0.13834840962717743,-1.6903634738539628,-1.0650861947047,-0.23479665825285234,-0.6346864226716015
0.6276145979960049,-0.2898284251773448,0.9690845532146966,-1.3328709426379812,-1.673389844622489,-0.16123354238634,0.6670403872234023,0.9388911479387403,-1.6471341328950087,-0.6346864226716015
-0.7721775110175565,-0.7592558790117291,-0.6447013848148108,-1.3328709426379812,-0.22094472378142968,0.18204344900109337,-1.6903634738539628,-1.0650861947047,-0.23479665825285234,-0.6346864226716015
0.10917307613913031,1.0662953303442104,0.3235701780028936,1.2420670827988973,1.5472493363729032,0.4108947765927156,0.6670403872234023,0.9388911479387403,-0.23479665825285234,-0.6346864226716015
-1.6016839459885557,-1.5416349687357034,1.6145989284264994,-1.3328709426379812,-0.3472442995067393,0.2506988472785802,0.6670403872234023,-1.0650861947047,-0.23479665825285234,-0.6346864226716015
1.6126534895240665,2.787529327736954,0.6463273656087951,1.2420670827988973,0.03165442766918898,0.2049285817602559,0.6670403872234023,-1.0650861947047,-0.23479665825285234,1.5755812071584494
-1.3424631850601185,-0.1855112132141477,0.9690845532146966,1.2420670827988973,-0.4103940873693938,1.784002742142449,-1.6903634738539628,0.9388911479387403,1.177540816389304,-0.6346864226716015
-0.9795541197603063,-0.2898284251773448,-1.2902157600266138,1.2420670827988973,0.7263020941583915,0.8914825645351226,-0.11876089980238604,-1.0650861947047,-1.6471341328950087,-0.6346864226716015
-0.7721775110175565,-0.0811940012509515,0.0008129903969921489,-1.3328709426379812,0.5368527305704275,0.4566650421110407,-0.11876089980238604,0.9388911479387403,1.177540816389304,1.5755812071584494
0.10917307613913031,1.7443572081049885,0.3235701780028936,-0.04540192991954193,-0.9787421781332868,1.0974487593675823,-0.9045621868281745,-1.0650861947047,1.177540816389304,1.5755812071584494
-0.40926844571774423,-0.6027800610669344,0.3235701780028936,-0.04540192991954193,-0.03149536019346554,-0.18411867514550173,-1.6903634738539628,0.9388911479387403,-1.6471341328950087,-0.6346864226716015
-0.7721775110175565,0.2839162406202361,0.9690845532146966,-1.3328709426379812,-1.168191541721251,1.600921680069152,-1.6903634738539628,-1.0650861947047,1.177540816389304,-0.6346864226716015
1.5089651851526917,-0.5506214550853362,-0.3219441972089093,-0.04540192991954193,-0.47354387523204894,-1.923388764841831,1.4528416742491908,-1.0650861947047,-0.23479665825285234,-0.6346864226716015
1.4571210329670041,1.483564178196997,0.0008129903969921489,-0.04540192991954193,-1.925988996073108,0.9830230955717711,1.4528416742491908,0.9388911479387403,-0.23479665825285234,1.5755812071584494
-1.4461514894314933,-0.5506214550853362,1.291841740820598,1.2420670827988973,0.7894518820210461,1.6924622111058005,-1.6903634738539628,-1.0650861947047,-0.23479665825285234,-0.6346864226716015
0.7831470545530672,-0.394145637140541,-0.3219441972089093,-1.3328709426379812,1.7998484878235224,-1.1681793837894774,1.4528416742491908,0.9388911479387403,-1.6471341328950087,-0.6346864226716015
-1.6016839459885557,-0.9678903029381224,1.6145989284264994,-0.04540192991954193,-0.3472442995067393,-0.5273956665329351,0.6670403872234023,0.9388911479387403,-0.23479665825285234,-0.6346864226716015
-1.394307337245806,-1.0200489089197204,1.6145989284264994,1.2420670827988973,0.09480421553184407,0.22781371451941845,-0.9045621868281745,0.9388911479387403,-0.23479665825285234,1.5755812071584494
0.6276145979960049,0.1274404226754418,0.0008129903969921489,1.2420670827988973,0.2842535791198082,-0.5273956665329351,0.6670403872234023,0.9388911479387403,-0.23479665825285234,1.5755812071584494
-0.5648009022748066,-0.394145637140541,-1.6129729476325152,-1.3328709426379812,1.4840995485102486,-0.2985443389413128,1.4528416742491908,0.9388911479387403,-0.23479665825285234,-0.6346864226716015
-0.6166450544604941,-0.3419870311589429,0.3235701780028936,-0.04540192991954193,0.41055315484511784,-0.8477875251612067,1.4528416742491908,0.9388911479387403,-0.23479665825285234,1.5755812071584494
-1.1350865763173688,-0.0811940012509515,-0.3219441972089093,-0.04540192991954193,-0.9155923902706323,0.5710907059068518,0.6670403872234023,0.9388911479387403,-0.23479665825285234,-0.6346864226716015
-0.6166450544604941,0.7533436944546209,0.6463273656087951,-0.04540192991954193,1.4840995485102486,-1.4885712424177482,0.6670403872234023,0.9388911479387403,1.177540816389304,-0.6346864226716015
0.21286138051050524,-0.3419870311589429,0.3235701780028936,-0.04540192991954193,0.9789012456090103,0.799942033498474,-0.9045621868281745,-1.0650861947047,-0.23479665825285234,1.5755812071584494
0.005484771767755405,2.00515023801298,0.9690845532146966,-0.04540192991954193,0.47370294270777236,-0.0010376130722037698,-0.11876089980238604,0.9388911479387403,-0.23479665825285234,1.5755812071584494
1.094211967667192,0.6490264824914247,0.6463273656087951,-0.04540192991954193,0.03165442766918898,1.9441986714565853,-1.6903634738539628,0.9388911479387403,1.177540816389304,1.5755812071584494
-1.1350865763173688,-0.2898284251773448,1.291841740820598,-0.04540192991954193,0.09480421553184407,-0.18411867514550173,-1.6903634738539628,0.9388911479387403,-1.6471341328950087,-0.6346864226716015
0.8868353589244422,0.7011850884730227,-1.6129729476325152,1.2420670827988973,-0.47354387523204894,-0.11546327686801489,-1.6903634738539628,-1.0650861947047,-0.23479665825285234,1.5755812071584494
-1.0832424241316811,-0.1855112132141477,0.9690845532146966,-1.3328709426379812,-0.4103940873693938,-0.02392274583136632,-0.9045621868281745,0.9388911479387403,-0.23479665825285234,-0.6346864226716015
-1.0832424241316811,-0.2898284251773448,-0.6447013848148108,1.2420670827988973,-0.09464514805612007,1.8068878749016115,-0.11876089980238604,0.9388911479387403,-0.23479665825285234,1.5755812071584494
-0.2537359891606819,1.5357227841785952,1.291841740820598,-0.04540192991954193,0.3474033669824627,0.2049285817602559,0.6670403872234023,-1.0650861947047,-0.23479665825285234,-0.6346864226716015
-1.290619032874431,-1.3330005448093105,1.291841740820598,-1.3328709426379812,-1.357640905309215,0.0905029179644448,0.6670403872234023,0.9388911479387403,-0.23479665825285234,-0.6346864226716015
-0.5648009022748066,-0.6549386670485324,1.291841740820598,1.2420670827988973,-0.22094472378142968,-0.5731659320512593,0.6670403872234023,-1.0650861947047,-0.23479665825285234,-0.6346864226716015
0.9905236632958171,1.327088360252202,0.9690845532146966,1.2420670827988973,-0.2840945116440848,-1.3970307113810998,0.6670403872234023,-1.0650861947047,1.177540816389304,1.5755812071584494
1.197900272038567,-1.228683332846114,-1.2902157600266138,-1.3328709426379812,-0.9787421781332868,1.4864960162733407,-0.9045621868281745,-1.0650861947047,-1.6471341328950087,-0.6346864226716015
-1.290619032874431,0.6490264824914247,0.0008129903969921489,1.2420670827988973,0.2842535791198082,-0.11546327686801489,0.6670403872234023,-1.0650861947047,-0.23479665825285234,-0.6346864226716015
-1.3424631850601185,-0.0811940012509515,1.6145989284264994,-1.3328709426379812,0.41055315484511784,-0.5045105337737733,0.6670403872234023,-1.0650861947047,-0.23479665825285234,-0.6346864226716015
-1.5498397938028683,0.44039205856503133,0.6463273656087951,-1.3328709426379812,1.294650184922284,0.4108947765927156,-0.11876089980238604,0.9388911479387403,-0.23479665825285234,1.5755812071584494
-1.0313982719459938,-0.0811940012509515,-0.9674585724207122,-1.3328709426379812,-1.7996894203477984,1.8068878749016115,-0.11876089980238604,0.9388911479387403,-0.23479665825285234,-0.6346864226716015
-0.8240216632032439,1.2749297542706037,0.9690845532146966,-0.04540192991954193,-0.3472442995067393,-0.5045105337737733,-0.9045621868281745,0.9388911479387403,1.177540816389304,-0.6346864226716015
0.005484771767755405,-0.8635730909749257,0.3235701780028936,-1.3328709426379812,-0.9155923902706323,-0.5960510648104219,0.6670403872234023,-1.0650861947047,-1.6471341328950087,-0.6346864226716015
-1.497995641617181,-1.1765247268645154,-0.3219441972089093,-1.3328709426379812,0.3474033669824627,1.4864960162733407,-1.6903634738539628,-1.0650861947047,-0.23479665825285234,1.5755812071584494
-1.6016839459885557,-0.2898284251773448,0.6463273656087951,-1.3328709426379812,-0.2840945116440848,-0.710476728606233,-1.6903634738539628,-1.0650861947047,1.177540816389304,1.5755812071584494
-0.8240216632032439,-0.6549386670485324,0.0008129903969921489,1.2420670827988973,-0.03149536019346554,-0.9393280561978552,0.6670403872234023,-1.0650861947047,-0.23479665825285234,-0.6346864226716015
-0.7721775110175565,0.023123210712244695,-0.6447013848148108,1.2420670827988973,-1.673389844622489,-0.710476728606233,0.6670403872234023,0.9388911479387403,-0.23479665825285234,-0.6346864226716015
-1.6016839459885557,0.7011850884730227,0.6463273656087951,-0.04540192991954193,0.41055315484511784,0.0905029179644448,0.6670403872234023,0.9388911479387403,-0.23479665825285234,-0.6346864226716015
0.4720821414389425,-0.9157316969565239,0.9690845532146966,-0.04540192991954193,1.1683506091969749,1.3720703524775297,-0.9045621868281745,-1.0650861947047,-1.6471341328950087,-0.6346864226716015
-1.3424631850601185,0.7011850884730227,1.291841740820598,1.2420670827988973,0.41055315484511784,-1.0308685872345038,0.6670403872234023,-1.0650861947047,1.177540816389304,-0.6346864226716015
-0.20189183697499444,-0.44630424312213957,-1.2902157600266138,-1.3328709426379812,-0.5998434509573586,-0.8249023924020441,0.6670403872234023,-1.0650861947047,1.177540816389304,1.5755812071584494
0.8349912067387547,0.1274404226754418,0.9690845532146966,1.2420670827988973,0.6631523062957365,-1.5801117734543977,1.4528416742491908,0.9388911479387403,-1.6471341328950087,-0.6346864226716015
0.05732892395344286,-1.9589038165884896,-0.9674585724207122,-0.04540192991954193,-0.9787421781332868,0.0905029179644448,1.4528416742491908,0.9388911479387403,-0.23479665825285234,-0.6346864226716015
0.05732892395344286,0.2839162406202361,0.9690845532146966,-0.04540192991954193,-0.47354387523204894,-0.4358551354962865,0.6670403872234023,-1.0650861947047,1.177540816389304,-0.6346864226716015
0.005484771767755405,-0.44630424312213957,0.9690845532146966,1.2420670827988973,1.7998484878235224,-1.5343415079360734,1.4528416742491908,-1.0650861947047,-0.23479665825285234,-0.6346864226716015
0.16101722832481777,-0.707097273030131,0.3235701780028936,-1.3328709426379812,0.09480421553184407,-0.2985443389413128,-0.11876089980238604,0.9388911479387403,1.177540816389304,1.5755812071584494
-0.7721775110175565,0.49255066454662944,-0.9674585724207122,-1.3328709426379812,-0.4103940873693938,-0.4587402682554482,0.6670403872234023,0.9388911479387403,-0.23479665825285234,-0.6346864226716015
1.4052768807813167,0.3882334525834332,-0.6447013848148108,-0.04540192991954193,0.3474033669824627,-1.2368347820669643,-1.6903634738539628,-1.0650861947047,-1.6471341328950087,-0.6346864226716015
1.5608093373383791,2.00515023801298,-0.3219441972089093,-0.04540192991954193,-0.9155923902706323,-2.9074494734858063,0.6670403872234023,-1.0650861947047,-1.6471341328950087,-0.6346864226716015
-0.30558014134636935,-0.8114144849933277,-0.3219441972089093,-0.04540192991954193,-0.15779493591877516,-0.32142947170047537,-0.11876089980238604,0.9388911479387403,-0.23479665825285234,-0.6346864226716015
0.7313029023673798,-0.1333526072325496,0.6463273656087951,-1.3328709426379812,-0.15779493591877516,-0.4358551354962865,-1.6903634738539628,0.9388911479387403,-0.23479665825285234,-0.6346864226716015
1.7163417938954415,1.483564178196997,0.6463273656087951,1.2420670827988973,-0.09464514805612007,-0.48162540101461077,0.6670403872234023,0.9388911479387403,1.177540816389304,-0.6346864226716015
0.005484771767755405,-0.0811940012509515,0.3235701780028936,1.2420670827988973,0.8526016698837012,-1.8318482338051816,-0.11876089980238604,-1.0650861947047,-0.23479665825285234,-0.6346864226716015
0.6794587501816923,-0.0811940012509515,-1.2902157600266138,-0.04540192991954193,-1.1050417538585964,0.6168609714251762,-0.9045621868281745,0.9388911479387403,-0.23479665825285234,-0.6346864226716015
0.9905236632958171,-0.3419870311589429,-1.6129729476325152,-0.04540192991954193,-1.8628392082104532,1.4407257507550157,1.4528416742491908,0.9388911479387403,-0.23479665825285234,-0.6346864226716015
0.9386795111101296,-0.6549386670485324,-1.6129729476325152,-0.04540192991954193,-1.4839404810345247,-0.32142947170047537,-0.9045621868281745,-1.0650861947047,-0.23479665825285234,-0.6346864226716015
1.1460561198528794,-1.5416349687357034,0.9690845532146966,1.2420670827988973,1.2315003970596294,0.7084015024618247,0.6670403872234023,-1.0650861947047,-1.6471341328950087,-0.6346864226716015
1.8200300982668165,-0.029035395269353403,-0.9674585724207122,-0.04540192991954193,-1.2944911174465605,-2.5870576148575353,-0.9045621868281745,0.9388911479387403,1.177540816389304,-0.6346864226716015
0.7831470545530672,-0.44630424312213957,0.9690845532146966,1.2420670827988973,-1.0418919659959414,-2.5870576148575353,-0.11876089980238604,0.9388911479387403,-0.23479665825285234,-0.6346864226716015
0.7831470545530672,-0.44630424312213957,-0.9674585724207122,-1.3328709426379812,-1.6102400567598343,0.6855163697026629,-0.9045621868281745,-1.0650861947047,-0.23479665825285234,1.5755812071584494
-1.1350865763173688,0.44039205856503133,0.3235701780028936,-0.04540192991954193,1.4840995485102486,-0.6189361975695844,0.6670403872234023,0.9388911479387403,-1.6471341328950087,-0.6346864226716015
0.05732892395344286,-0.9157316969565239,0.0008129903969921489,-0.04540192991954193,1.294650184922284,1.3034149542000428,0.6670403872234023,0.9388911479387403,-1.6471341328950087,1.5755812071584494
-0.15004768478930697,0.5447092705282276,-1.6129729476325152,-1.3328709426379812,0.9789012456090103,-0.7562469941245573,0.6670403872234023,-1.0650861947047,1.177540816389304,-0.6346864226716015
-1.2387748806887435,-0.8114144849933277,0.9690845532146966,-0.04540192991954193,-1.5470902688971797,-1.6945374372502089,-1.6903634738539628,-1.0650861947047,-0.23479665825285234,-0.6346864226716015
0.8349912067387547,-0.23766981919574673,-0.3219441972089093,1.2420670827988973,-0.5366936630947035,-1.0308685872345038,-0.9045621868281745,0.9388911479387403,-0.23479665825285234,-0.6346864226716015
-0.5129567500891191,2.213784661939373,-0.3219441972089093,-0.04540192991954193,0.6000025184330819,0.43377990935187816,0.6670403872234023,-1.0650861947047,-0.23479665825285234,-0.6346864226716015
1.1460561198528794,-0.2898284251773448,0.6463273656087951,-0.04540192991954193,-0.8524426024079772,-0.16123354238634,0.6670403872234023,-1.0650861947047,-1.6471341328950087,-0.6346864226716015
-1.0832424241316811,-0.6549386670485324,-0.6447013848148108,1.2420670827988973,0.3474033669824627,-0.32142947170047537,-0.9045621868281745,-1.0650861947047,-1.6471341328950087,-0.6346864226716015
0.16101722832481777,1.7965158140865867,0.6463273656087951,1.2420670827988973,1.1052008213343205,-0.18411867514550173,-0.9045621868281745,-1.0650861947047,-0.23479665825285234,-0.6346864226716015
-1.1350865763173688,-0.8114144849933277,0.9690845532146966,1.2420670827988973,0.3474033669824627,-0.5045105337737733,-0.9045621868281745,0.9388911479387403,-0.23479665825285234,-0.6346864226716015
0.9905236632958171,-0.49846284910373767,0.6463273656087951,-0.04540192991954193,-0.03149536019346554,0.3651245110743913,-0.11876089980238604,0.9388911479387403,-0.23479665825285234,-0.6346864226716015
-1.497995641617181,1.6400399961417922,-0.3219441972089093,-0.04540192991954193,2.0524476392741415,0.27358398003774276,0.6670403872234023,-1.0650861947047,-0.23479665825285234,-0.6346864226716015
-0.8240216632032439,-0.9678903029381224,1.6145989284264994,-0.04540192991954193,-0.7261430266826676,1.120333892126745,-0.9045621868281745,-1.0650861947047,-0.23479665825285234,1.5755812071584494
0.8868353589244422,-0.1333526072325496,-0.3219441972089093,1.2420670827988973,-0.9787421781332868,1.1432190248859073,1.4528416742491908,0.9388911479387403,-0.23479665825285234,-0.6346864226716015
0.005484771767755405,2.1094674499761763,1.6145989284264994,1.2420670827988973,-1.2944911174465605,0.2049285817602559,0.6670403872234023,-1.0650861947047,-1.6471341328950087,1.5755812071584494
0.9905236632958171,-0.2898284251773448,1.291841740820598,-0.04540192991954193,-1.5470902688971797,-0.893557790679531,0.6670403872234023,0.9388911479387403,-1.6471341328950087,-0.6346864226716015
-0.46111259790343173,0.2839162406202361,-1.6129729476325152,1.2420670827988973,-1.4839404810345247,-1.7174225700093706,-0.9045621868281745,-1.0650861947047,-1.6471341328950087,-0.6346864226716015
0.6276145979960049,0.44039205856503133,1.6145989284264994,-1.3328709426379812,1.0420510334716648,-0.6189361975695844,1.4528416742491908,-1.0650861947047,-0.23479665825285234,1.5755812071584494
0.6794587501816923,2.00515023801298,-0.9674585724207122,-1.3328709426379812,-0.22094472378142968,0.86859743177596,0.6670403872234023,-1.0650861947047,-0.23479665825285234,-0.6346864226716015
0.7831470545530672,1.483564178196997,0.6463273656087951,-0.04540192991954193,-1.4839404810345247,-0.2985443389413128,-1.6903634738539628,0.9388911479387403,-0.23479665825285234,-0.6346864226716015
0.3165496848818801,0.3360748466018351,0.6463273656087951,-1.3328709426379812,1.2315003970596294,-0.48162540101461077,-1.6903634738539628,0.9388911479387403,-0.23479665825285234,-0.6346864226716015
-0.9277099675746189,0.17959902865703992,-0.6447013848148108,-0.04540192991954193,0.22110379125715368,-0.5045105337737733,-0.9045621868281745,0.9388911479387403,1.177540816389304,-0.6346864226716015
-1.2387748806887435,0.6490264824914247,-0.9674585724207122,-0.04540192991954193,-0.4103940873693938,0.3651245110743913,-0.11876089980238604,0.9388911479387403,-0.23479665825285234,1.5755812071584494
0.8349912067387547,-2.6891243003308656,-1.6129729476325152,-1.3328709426379812,0.8526016698837012,0.43377990935187816,-0.11876089980238604,-1.0650861947047,1.177540816389304,-0.6346864226716015
-0.40926844571774423,-0.6027800610669344,-0.3219441972089093,-0.04540192991954193,-1.4207906931718701,1.051678493849258,-0.9045621868281745,0.9388911479387403,-0.23479665825285234,-0.6346864226716015
0.9905236632958171,1.6921986021233903,1.6145989284264994,-0.04540192991954193,-1.357640905309215,0.29646911279690447,0.6670403872234023,0.9388911479387403,1.177540816389304,-0.6346864226716015
1.3534327285956294,-0.8114144849933277,-0.3219441972089093,-1.3328709426379812,-0.9155923902706323,-0.7562469941245573,-0.9045621868281745,0.9388911479387403,1.177540816389304,1.5755812071584494
1.8200300982668165,0.805502300436219,1.291841740820598,-0.04540192991954193,0.7263020941583915,-1.442800976899424,0.6670403872234023,0.9388911479387403,-0.23479665825285234,1.5755812071584494
-1.2387748806887435,1.6400399961417922,-0.6447013848148108,1.2420670827988973,1.1683506091969749,0.5482055731476893,0.6670403872234023,-1.0650861947047,1.177540816389304,1.5755812071584494
-0.15004768478930697,0.857660906417818,1.291841740820598,-0.04540192991954193,-0.47354387523204894,-0.32142947170047537,0.6670403872234023,-1.0650861947047,-0.23479665825285234,1.5755812071584494
1.5089651851526917,-0.23766981919574673,0.0008129903969921489,-1.3328709426379812,0.9789012456090103,0.4566650421110407,-0.11876089980238604,0.9388911479387403,-0.23479665825285234,-0.6346864226716015
1.3534327285956294,-1.9589038165884896,0.6463273656087951,-0.04540192991954193,1.1052008213343205,-0.7562469941245573,0.6670403872234023,0.9388911479387403,-0.23479665825285234,1.5755812071584494
-0.09820353260361951,-0.1855112132141477,-0.9674585724207122,-0.04540192991954193,1.1683506091969749,1.4636108835141781,-1.6903634738539628,-1.0650861947047,-0.23479665825285234,1.5755812071584494
-1.1350865763173688,-1.072207514901319,-0.3219441972089093,-1.3328709426379812,0.5368527305704275,-0.48162540101461077,-0.9045621868281745,-1.0650861947047,-0.23479665825285234,-0.6346864226716015
-1.0832424241316811,0.2839162406202361,0.9690845532146966,-1.3328709426379812,0.9157514577463557,0.29646911279690447,0.6670403872234023,0.9388911479387403,-1.6471341328950087,1.5755812071584494
0.42023798925325506,1.6400399961417922,1.291841740820598,1.2420670827988973,0.6631523062957365,-0.48162540101461077,0.6670403872234023,-1.0650861947047,-1.6471341328950087,1.5755812071584494
-0.5129567500891191,-0.2898284251773448,0.3235701780028936,1.2420670827988973,-1.4207906931718701,2.081509468011559,-1.6903634738539628,-1.0650861947047,-0.23479665825285234,-0.6346864226716015
-1.3424631850601185,-0.1333526072325496,-0.6447013848148108,1.2420670827988973,0.41055315484511784,-0.8249023924020441,-1.6903634738539628,-1.0650861947047,-1.6471341328950087,-0.6346864226716015
-0.720333358831869,0.3360748466018351,-0.9674585724207122,-0.04540192991954193,0.7894518820210461,-0.06969301134969061,1.4528416742491908,0.9388911479387403,1.177540816389304,1.5755812071584494
-1.0832424241316811,-1.593793574717302,0.3235701780028936,-0.04540192991954193,-0.5998434509573586,0.0905029179644448,0.6670403872234023,0.9388911479387403,1.177540816389304,-0.6346864226716015
-0.5648009022748066,-3.054234542202054,-0.9674585724207122,1.2420670827988973,0.8526016698837012,1.5093811490325033,-0.9045621868281745,-1.0650861947047,-0.23479665825285234,-0.6346864226716015
-1.6016839459885557,-0.2898284251773448,-1.6129729476325152,-1.3328709426379812,0.6631523062957365,1.5551514145508267,1.4528416742491908,0.9388911479387403,-1.6471341328950087,-0.6346864226716015
1.8200300982668165,1.327088360252202,1.291841740820598,1.2420670827988973,0.22110379125715368,-0.2985443389413128,1.4528416742491908,0.9388911479387403,1.177540816389304,-0.6346864226716015
1.3534327285956294,-1.3851591507909087,-1.6129729476325152,-0.04540192991954193,1.5472493363729032,0.8457122990167983,1.4528416742491908,-1.0650861947047,1.177540816389304,1.5755812071584494
0.3683938370675676,-0.8114144849933277,-0.9674585724207122,1.2420670827988973,-2.178588147523727,1.0745636266084206,-0.11876089980238604,-1.0650861947047,1.177540816389304,-0.6346864226716015
0.2647055326961927,-0.029035395269353403,-1.2902157600266138,-1.3328709426379812,0.09480421553184407,-0.5045105337737733,-1.6903634738539628,0.9388911479387403,-0.23479665825285234,1.5755812071584494
-0.2537359891606819,-0.2898284251773448,-1.6129729476325152,-0.04540192991954193,-0.3472442995067393,-1.19106451654864,-0.11876089980238604,-1.0650861947047,1.177540816389304,-0.6346864226716015
0.6276145979960049,1.1184539363258095,0.3235701780028936,1.2420670827988973,-0.5366936630947035,-1.4656861096585865,0.6670403872234023,0.9388911479387403,1.177540816389304,-0.6346864226716015
0.6276145979960049,-0.44630424312213957,-1.2902157600266138,-1.3328709426379812,-0.7892928145453226,0.799942033498474,0.6670403872234023,-1.0650861947047,-1.6471341328950087,-0.6346864226716015
1.7163417938954415,0.023123210712244695,0.9690845532146966,1.2420670827988973,0.8526016698837012,-0.7791321268837198,1.4528416742491908,-1.0650861947047,-0.23479665825285234,-0.6346864226716015
1.6644976417097541,0.1274404226754418,0.0008129903969921489,1.2420670827988973,0.9789012456090103,0.4108947765927156,0.6670403872234023,-1.0650861947047,-1.6471341328950087,-0.6346864226716015
-0.8758658153889314,-0.9678903029381224,0.0008129903969921489,-0.04540192991954193,-1.9891387839357628,0.1362731834827691,0.6670403872234023,0.9388911479387403,1.177540816389304,1.5755812071584494
0.21286138051050524,-1.698110786680498,0.3235701780028936,-0.04540192991954193,-0.7261430266826676,-1.0537537199936664,-0.9045621868281745,0.9388911479387403,-1.6471341328950087,-0.6346864226716015
0.3165496848818801,0.6490264824914247,0.6463273656087951,1.2420670827988973,-0.5366936630947035,1.784002742142449,-0.11876089980238604,-1.0650861947047,1.177540816389304,-0.6346864226716015
1.1460561198528794,-1.280841938827712,0.9690845532146966,-1.3328709426379812,0.7894518820210461,-0.4587402682554482,0.6670403872234023,-1.0650861947047,-0.23479665825285234,-0.6346864226716015
-0.8758658153889314,-1.3330005448093105,-0.9674585724207122,-0.04540192991954193,-0.15779493591877516,-1.19106451654864,-0.9045621868281745,-1.0650861947047,1.177540816389304,1.5755812071584494
1.3015885764099417,-0.3419870311589429,0.3235701780028936,1.2420670827988973,0.3474033669824627,-0.710476728606233,-0.9045621868281745,-1.0650861947047,-0.23479665825285234,-0.6346864226716015
1.8200300982668165,-0.394145637140541,1.6145989284264994,1.2420670827988973,-1.0418919659959414,0.319354245556067,0.6670403872234023,-1.0650861947047,-0.23479665825285234,-0.6346864226716015
0.9905236632958171,-0.2898284251773448,0.0008129903969921489,1.2420670827988973,0.1579540033944986,-1.145294251030315,-1.6903634738539628,0.9388911479387403,-1.6471341328950087,-0.6346864226716015
0.6276145979960049,-0.3419870311589429,-1.2902157600266138,-0.04540192991954193,-0.5366936630947035,1.7611176093832865,1.4528416742491908,-1.0650861947047,-0.23479665825285234,1.5755812071584494
-0.15004768478930697,0.17959902865703992,1.291841740820598,-1.3328709426379812,0.03165442766918898,0.04473265244612051,0.6670403872234023,0.9388911479387403,1.177540816389304,-0.6346864226716015
0.10917307613913031,1.6400399961417922,-0.9674585724207122,-0.04540192991954193,-0.7261430266826676,-0.2756592061821511,1.4528416742491908,-1.0650861947047,-0.23479665825285234,-0.6346864226716015
0.42023798925325506,0.5968678765098265,0.0008129903969921489,-1.3328709426379812,0.09480421553184407,2.516326990435641,-1.6903634738539628,-1.0650861947047,1.177540816389304,-0.6346864226716015
1.6126534895240665,-0.2898284251773448,0.3235701780028936,-1.3328709426379812,1.0420510334716648,-0.20700380790466427,0.6670403872234023,0.9388911479387403,1.177540816389304,-0.6346864226716015
-0.6684892066461815,-0.6549386670485324,-1.2902157600266138,-1.3328709426379812,0.6000025184330819,-0.5045105337737733,-0.11876089980238604,0.9388911479387403,-0.23479665825285234,-0.6346864226716015
-1.5498397938028683,0.44039205856503133,0.3235701780028936,1.2420670827988973,-0.7892928145453226,1.6924622111058005,1.4528416742491908,0.9388911479387403,-1.6471341328950087,-0.6346864226716015
-1.497995641617181,-1.9067452106068914,0.6463273656087951,-1.3328709426379812,-0.7261430266826676,0.9601379628126094,0.6670403872234023,0.9388911479387403,-1.6471341328950087,-0.6346864226716015
0.7313029023673798,-0.0811940012509515,0.0008129903969921489,-0.04540192991954193,0.9789012456090103,-0.11546327686801489,0.6670403872234023,-1.0650861947047,-0.23479665825285234,-0.6346864226716015
-1.497995641617181,-1.228683332846114,0.6463273656087951,-0.04540192991954193,-0.7892928145453226,-0.48162540101461077,0.6670403872234023,-1.0650861947047,1.177540816389304,-0.6346864226716015
0.7831470545530672,1.5878813901601931,-0.3219441972089093,-1.3328709426379812,-0.5998434509573586,-0.229888940663826,1.4528416742491908,-1.0650861947047,1.177540816389304,1.5755812071584494
-0.9795541197603063,1.379246966233801,1.291841740820598,-0.04540192991954193,-0.09464514805612007,1.8984284059382601,0.6670403872234023,0.9388911479387403,-0.23479665825285234,-0.6346864226716015
1.1460561198528794,0.5968678765098265,1.291841740820598,-1.3328709426379812,-0.09464514805612007,0.5939758386660136,1.4528416742491908,0.9388911479387403,-0.23479665825285234,-0.6346864226716015
-0.3574242935320568,-2.011062422570088,-0.3219441972089093,-1.3328709426379812,-0.03149536019346554,-0.8477875251612067,0.6670403872234023,-1.0650861947047,1.177540816389304,-0.6346864226716015
1.197900272038567,1.1706125423074074,-0.9674585724207122,-0.04540192991954193,-0.9155923902706323,0.3651245110743913,-0.11876089980238604,0.9388911479387403,1.177540816389304,1.5755812071584494
-0.30558014134636935,-0.0811940012509515,0.6463273656087951,1.2420670827988973,1.0420510334716648,1.2805298214408802,-1.6903634738539628,0.9388911479387403,-1.6471341328950087,-0.6346864226716015
-1.4461514894314933,-0.6549386670485324,0.9690845532146966,1.2420670827988973,1.1683506091969749,0.2049285817602559,-0.11876089980238604,0.9388911479387403,1.177540816389304,1.5755812071584494
-1.290619032874431,1.2227711482890056,0.9690845532146966,-1.3328709426379812,-1.231341329583906,-0.8477875251612067,0.6670403872234023,0.9388911479387403,1.177540816389304,-0.6346864226716015
-0.720333358831869,-0.6549386670485324,-0.9674585724207122,-0.04540192991954193,-0.7892928145453226,2.1272797335298823,0.6670403872234023,0.9388911479387403,-0.23479665825285234,-0.6346864226716015
-0.15004768478930697,0.49255066454662944,0.9690845532146966,-1.3328709426379812,-0.4103940873693938,-0.710476728606233,0.6670403872234023,-1.0650861947047,1.177540816389304,-0.6346864226716015
-0.09820353260361951,0.857660906417818,-0.6447013848148108,-1.3328709426379812,2.557645942175379,-1.007983454475342,0.6670403872234023,0.9388911479387403,1.177540816389304,1.5755812071584494
-1.4461514894314933,-0.394145637140541,-0.3219441972089093,-0.04540192991954193,0.3474033669824627,0.22781371451941845,0.6670403872234023,0.9388911479387403,-0.23479665825285234,-0.6346864226716015
1.2497444242242544,0.3360748466018351,-1.6129729476325152,-1.3328709426379812,0.1579540033944986,2.951144512859723,0.6670403872234023,0.9388911479387403,1.177540816389304,-0.6346864226716015
-0.7721775110175565,-0.2898284251773448,0.3235701780028936,-1.3328709426379812,1.6735489120982123,-0.4358551354962865,-0.9045621868281745,0.9388911479387403,1.177540816389304,-0.6346864226716015
-0.6684892066461815,0.857660906417818,1.6145989284264994,1.2420670827988973,-0.9787421781332868,0.8228271662576357,-0.9045621868281745,-1.0650861947047,-1.6471341328950087,-0.6346864226716015
1.1460561198528794,-0.029035395269353403,-0.9674585724207122,-1.3328709426379812,0.7894518820210461,-1.7631928355276956,-0.9045621868281745,-1.0650861947047,1.177540816389304,1.5755812071584494
1.0423678154815046,0.1274404226754418,-1.2902157600266138,-1.3328709426379812,1.4840995485102486,-1.5114563751769108,1.4528416742491908,0.9388911479387403,-0.23479665825285234,1.5755812071584494
-1.497995641617181,0.23175763463863802,1.6145989284264994,1.2420670827988973,-0.09464514805612007,-0.5502807992920976,0.6670403872234023,0.9388911479387403,1.177540816389304,1.5755812071584494
1.197900272038567,-1.3330005448093105,-0.6447013848148108,-0.04540192991954193,-1.7365396324851439,1.234759555922556,0.6670403872234023,-1.0650861947047,1.177540816389304,-0.6346864226716015
0.5757704458103174,-0.23766981919574673,-0.9674585724207122,-1.3328709426379812,-2.2417379353863818,-0.20700380790466427,0.6670403872234023,0.9388911479387403,-0.23479665825285234,-0.6346864226716015
0.16101722832481777,-1.072207514901319,-1.2902157600266138,-0.04540192991954193,0.6000025184330819,-2.175125225192615,0.6670403872234023,0.9388911479387403,-0.23479665825285234,-0.6346864226716015
1.6126534895240665,-0.49846284910373767,-1.6129729476325152,-1.3328709426379812,-0.9155923902706323,-1.740307702768533,0.6670403872234023,0.9388911479387403,-0.23479665825285234,-0.6346864226716015
-1.290619032874431,0.07528181669384372,0.3235701780028936,1.2420670827988973,-0.5366936630947035,-1.19106451654864,-0.11876089980238604,-1.0650861947047,-0.23479665825285234,-0.6346864226716015
0.8868353589244422,-1.280841938827712,1.291841740820598,1.2420670827988973,0.03165442766918898,-0.046807878590528866,-1.6903634738539628,0.9388911479387403,1.177540816389304,1.5755812071584494
-1.3424631850601185,1.6400399961417922,0.3235701780028936,1.2420670827988973,-0.47354387523204894,0.9601379628126094,-0.9045621868281745,-1.0650861947047,-0.23479665825285234,-0.6346864226716015
1.3015885764099417,0.17959902865703992,-1.6129729476325152,1.2420670827988973,-2.178588147523727,-1.0308685872345038,0.6670403872234023,0.9388911479387403,-0.23479665825285234,-0.6346864226716015
-1.497995641617181,0.6490264824914247,0.6463273656087951,-0.04540192991954193,-0.2840945116440848,-1.8089631010460199,-1.6903634738539628,-1.0650861947047,-0.23479665825285234,-0.6346864226716015
1.3015885764099417,-0.707097273030131,1.6145989284264994,-1.3328709426379812,-0.2840945116440848,0.7312866352209872,-0.9045621868281745,0.9388911479387403,1.177540816389304,1.5755812071584494
-0.6166450544604941,1.0662953303442104,0.3235701780028936,-0.04540192991954193,0.22110379125715368,0.7084015024618247,0.6670403872234023,0.9388911479387403,-0.23479665825285234,-0.6346864226716015
0.005484771767755405,-0.8114144849933277,-1.2902157600266138,-0.04540192991954193,1.1683506091969749,-0.13834840962717743,1.4528416742491908,0.9388911479387403,-0.23479665825285234,1.5755812071584494
-0.5129567500891191,0.1274404226754418,0.9690845532146966,1.2420670827988973,0.9157514577463557,0.9601379628126094,1.4528416742491908,0.9388911479387403,1.177540816389304,-0.6346864226716015
1.5089651851526917,-1.5416349687357034,0.0008129903969921489,-1.3328709426379812,-0.03149536019346554,1.3720703524775297,-0.9045621868281745,-1.0650861947047,1.177540816389304,1.5755812071584494
-0.09820353260361951,1.1706125423074074,-0.6447013848148108,1.2420670827988973,-0.5998434509573586,-0.36719973721879967,-0.9045621868281745,-1.0650861947047,-0.23479665825285234,1.5755812071584494
0.52392629362463,0.805502300436219,0.0008129903969921489,-0.04540192991954193,1.862998275686177,0.5939758386660136,-0.9045621868281745,0.9388911479387403,-0.23479665825285234,-0.6346864226716015
-0.3574242935320568,0.7011850884730227,-1.6129729476325152,1.2420670827988973,-0.4103940873693938,-0.5273956665329351,0.6670403872234023,-1.0650861947047,-0.23479665825285234,-0.6346864226716015
0.21286138051050524,0.909819512399416,0.9690845532146966,-0.04540192991954193,-0.4103940873693938,-2.1522400924334533,0.6670403872234023,-1.0650861947047,1.177540816389304,1.5755812071584494
-1.0313982719459938,-0.2898284251773448,1.291841740820598,-1.3328709426379812,0.9157514577463557,1.4864960162733407,-1.6903634738539628,-1.0650861947047,-1.6471341328950087,-0.6346864226716015
-1.0832424241316811,0.023123210712244695,0.9690845532146966,-0.04540192991954193,0.9789012456090103,1.0059082283309337,-0.11876089980238604,-1.0650861947047,-0.23479665825285234,1.5755812071584494
1.0423678154815046,-0.1333526072325496,-1.6129729476325152,-1.3328709426379812,1.6735489120982123,-0.09257814410885315,0.6670403872234023,0.9388911479387403,-0.23479665825285234,-0.6346864226716015
-0.720333358831869,-0.23766981919574673,0.0008129903969921489,-1.3328709426379812,0.1579540033944986,0.8228271662576357,0.6670403872234023,0.9388911479387403,-0.23479665825285234,-0.6346864226716015
0.52392629362463,0.805502300436219,0.3235701780028936,1.2420670827988973,0.03165442766918898,0.3651245110743913,0.6670403872234023,0.9388911479387403,1.177540816389304,-0.6346864226716015
0.7831470545530672,-3.2107103601468485,1.6145989284264994,-1.3328709426379812,1.1052008213343205,0.5482055731476893,-0.11876089980238604,0.9388911479387403,-0.23479665825285234,-0.6346864226716015
